person
Buzz_Hargrove
