person
Jesse_Ventura
