person
Mark_Wahlberg
