person
Peter_Hunt
