person
Prince_Charles
