person
Billy_Joel
