person
Kurt_Budke
