person
Mika_Hakkinen
