person
Vincent_Sombrotto
